>cluster1	KGNNNYTSTCCNNRGTNCTGVNNNG
0.227822  0.267364  0.271299  0.233515
0.220969  0.259068  0.298994  0.220969
0.205495  0.26791   0.311251  0.215344
0.201528  0.434697  0.1598    0.203975
0.119798  0.132121  0.540986  0.207096
0.054732  0.831101  0.057834  0.056334
0.042774  0.043357  0.043357  0.870512
0.040198  0.040966  0.878638  0.040198
0.042178  0.042636  0.042636  0.872551
0.049031  0.851006  0.050932  0.049031
0.073536  0.772332  0.080596  0.073536
0.316536  0.184003  0.312507  0.186954
0.190833  0.248928  0.199556  0.360682
0.134318  0.14658   0.591057  0.128045
0.079533  0.087856  0.753078  0.079533
0.047594  0.049193  0.049193  0.854019
0.04296   0.043669  0.871439  0.041932
0.04      0.88      0.04      0.04    
0.040158  0.040192  0.040192  0.879458
0.043572  0.044324  0.868533  0.043572
0.702251  0.099232  0.125178  0.073339
0.467462  0.225741  0.16087   0.145927
0.27653   0.266749  0.24792   0.208802
0.227433  0.276523  0.267843  0.228201
0.229504  0.269399  0.271594  0.229504

>cluster2	GSHNCTRTCCNDGGTHCTGRVH
0.22768   0.267192  0.277447  0.22768 
0.199048  0.252331  0.349572  0.199048
0.301405  0.249883  0.159858  0.288853
0.201443  0.115644  0.548424  0.134489
0.055465  0.83035   0.058721  0.055465
0.042712  0.043283  0.043283  0.870723
0.043564  0.04      0.876436  0.04    
0.04      0.04      0.04      0.88    
0.04232   0.872553  0.042808  0.04232 
0.069867  0.784112  0.076155  0.069867
0.387957  0.144434  0.229267  0.238342
0.149353  0.149982  0.204116  0.496549
0.090498  0.101129  0.717876  0.090498
0.049722  0.051769  0.848786  0.049722
0.04      0.04      0.04      0.88    
0.142547  0.60292   0.04      0.214533
0.04      0.88      0.04      0.04    
0.041085  0.041313  0.041313  0.876289
0.047451  0.04902   0.856077  0.047451
0.708252  0.099358  0.103355  0.089035
0.445955  0.19666   0.193348  0.164037
0.231436  0.285977  0.254948  0.227639

>cluster3	GGHBCTMTCCDDGGTNCTGRWH
0.212406  0.248702  0.326486  0.212406
0.186869  0.217788  0.408475  0.186869
0.437259  0.224103  0.156138  0.1825  
0.086866  0.118194  0.699144  0.095796
0.054154  0.834557  0.057134  0.054154
0.040939  0.041137  0.041137  0.876787
0.073542  0.846458  0.04      0.04    
0.04      0.04      0.04      0.88    
0.056185  0.828036  0.059593  0.056185
0.076272  0.763547  0.083908  0.076272
0.507317  0.13163   0.197097  0.163955
0.248478  0.147421  0.164178  0.439922
0.090315  0.100908  0.718462  0.090315
0.04772   0.049345  0.855215  0.04772 
0.04      0.04      0.04      0.88    
0.044152  0.261548  0.628208  0.066092
0.041409  0.875477  0.041705  0.041409
0.046859  0.048303  0.048303  0.856534
0.058365  0.062231  0.821039  0.058365
0.687462  0.105846  0.112298  0.094394
0.436314  0.191958  0.191958  0.17977 
0.2455    0.265188  0.259518  0.229794

>cluster4	CNDDNHGCTSKCYGNRGTNCTGRNVC
0.227838  0.276941  0.267383  0.227838
0.207321  0.263843  0.242816  0.28602 
0.175812  0.179456  0.395385  0.249347
0.108174  0.114362  0.668166  0.109299
0.061252  0.101983  0.778413  0.058353
0.550325  0.061904  0.044341  0.34343 
0.040828  0.041003  0.877341  0.040828
0.04      0.88      0.04      0.04    
0.042162  0.042617  0.042617  0.872604
0.068773  0.092638  0.769816  0.068773
0.114797  0.130544  0.145945  0.608714
0.168571  0.46722   0.195638  0.168571
0.223759  0.265779  0.262445  0.248017
0.220887  0.258969  0.299257  0.220887
0.194508  0.227475  0.23113   0.346887
0.109551  0.114714  0.674015  0.10172 
0.055476  0.058734  0.830313  0.055476
0.04173   0.042094  0.042094  0.874083
0.063422  0.056684  0.824846  0.055048
0.04      0.88      0.04      0.04    
0.04      0.04      0.04      0.88    
0.045527  0.04669   0.862256  0.045527
0.704879  0.092587  0.119092  0.083442
0.36068   0.244495  0.2198    0.175025
0.252419  0.257359  0.275698  0.214524
0.22827   0.275553  0.267906  0.22827 

>cluster5	HWTCAGCACYHSNNNSSHGGACAGYDCCC
0.22438   0.277796  0.25396   0.243864
0.186374  0.181935  0.181935  0.449756
0.081098  0.08975   0.08975   0.739402
0.045694  0.861718  0.046893  0.045694
0.88      0.04      0.04      0.04    
0.04      0.04      0.88      0.04    
0.04      0.88      0.04      0.04    
0.88      0.04      0.04      0.04    
0.05325   0.837459  0.05604   0.05325 
0.11275   0.618497  0.128065  0.140688
0.292072  0.234307  0.22025   0.253371
0.224306  0.276733  0.274655  0.224306
0.23      0.27      0.27      0.23    
0.23      0.27      0.27      0.23    
0.23      0.27      0.27      0.23    
0.226229  0.271862  0.275679  0.226229
0.202682  0.257371  0.337265  0.202682
0.178693  0.249656  0.181384  0.390267
0.103152  0.116447  0.677249  0.103152
0.063013  0.067857  0.806117  0.063013
0.873678  0.042237  0.042237  0.041848
0.04      0.88      0.04      0.04    
0.88      0.04      0.04      0.04    
0.043771  0.044564  0.867894  0.043771
0.067318  0.768325  0.073069  0.091288
0.226338  0.128616  0.198113  0.446933
0.166848  0.472751  0.193553  0.166848
0.206987  0.343883  0.242143  0.206987
0.228152  0.275933  0.267763  0.228152

>cluster6	GBDYCAGCACYDYGGMCAGCGHCHSG
0.224866  0.263785  0.286483  0.224866
0.203023  0.305474  0.24692   0.244584
0.165193  0.17038   0.216281  0.448146
0.083598  0.110264  0.092777  0.713361
0.047877  0.854709  0.049536  0.047877
0.874911  0.041801  0.041801  0.041488
0.040717  0.040867  0.8777    0.040717
0.04      0.88      0.04      0.04    
0.862436  0.046215  0.046215  0.045134
0.066977  0.793388  0.072657  0.066977
0.122295  0.603896  0.13962   0.13419 
0.275067  0.217223  0.304924  0.202786
0.222123  0.278573  0.260464  0.23884 
0.228512  0.268199  0.274776  0.228512
0.19527   0.227958  0.381503  0.19527 
0.564065  0.16579   0.144127  0.126018
0.064193  0.802329  0.069286  0.064193
0.87259   0.042622  0.042622  0.042166
0.04      0.04      0.88      0.04    
0.04      0.88      0.04      0.04    
0.04      0.04      0.88      0.04    
0.063707  0.808383  0.04      0.087911
0.074014  0.770797  0.081175  0.074014
0.319266  0.285073  0.165873  0.229788
0.205807  0.293167  0.295218  0.205807
0.227834  0.267378  0.276954  0.227834

>cluster7	CAGMACCDYGGACAGCDCHMG
0.190592  0.396521  0.222295  0.190592
0.615021  0.133762  0.133762  0.117455
0.066641  0.07225   0.794468  0.066641
0.070407  0.835578  0.047675  0.04634 
0.88      0.04      0.04      0.04    
0.04      0.88      0.04      0.04    
0.04      0.88      0.04      0.04    
0.626165  0.04      0.153387  0.180448
0.079408  0.618219  0.087705  0.214668
0.111624  0.126702  0.65005   0.111624
0.09177   0.102669  0.713791  0.09177 
0.853613  0.049337  0.049337  0.047713
0.041858  0.874036  0.042249  0.041858
0.88      0.04      0.04      0.04    
0.04      0.04      0.88      0.04    
0.04      0.88      0.04      0.04    
0.107325  0.04      0.238026  0.614649
0.080921  0.748623  0.089536  0.080921
0.194786  0.437329  0.175081  0.192804
0.232997  0.298069  0.252988  0.215947
0.228142  0.267751  0.275964  0.228142

>cluster8	GHKCTGRCCDHGGTGCTGAMA
0.212027  0.248244  0.327702  0.212027
0.183865  0.408914  0.180096  0.227125
0.096713  0.108653  0.63858   0.156054
0.057957  0.822348  0.061738  0.057957
0.042306  0.042792  0.042792  0.87211 
0.04      0.04      0.88      0.04    
0.20927   0.04      0.71073   0.04    
0.04      0.88      0.04      0.04    
0.057973  0.822298  0.061756  0.057973
0.461502  0.127112  0.289227  0.122159
0.164762  0.163751  0.153554  0.517933
0.092989  0.104144  0.709878  0.092989
0.052358  0.05496   0.840323  0.052358
0.04      0.04      0.04      0.88    
0.04      0.04      0.88      0.04    
0.04      0.88      0.04      0.04    
0.04      0.04      0.04      0.88    
0.042306  0.042792  0.872595  0.042306
0.744931  0.087793  0.087793  0.079482
0.461342  0.195486  0.184118  0.159054
0.280168  0.252248  0.252248  0.215335

>cluster9	CTSTCCBYGGTGCTGAANNR
0.199749  0.367121  0.233381  0.199749
0.129478  0.148315  0.148315  0.573893
0.073759  0.102011  0.750472  0.073759
0.047174  0.048684  0.048684  0.855457
0.04      0.88      0.04      0.04    
0.04      0.88      0.04      0.04    
0.04      0.113357  0.671846  0.174797
0.04      0.107672  0.04      0.812328
0.070251  0.076619  0.782879  0.070251
0.095685  0.107408  0.701223  0.095685
0.080112  0.088557  0.088557  0.742773
0.065039  0.070311  0.799611  0.065039
0.04      0.88      0.04      0.04    
0.04      0.04      0.04      0.88    
0.04      0.04      0.88      0.04    
0.88      0.04      0.04      0.04    
0.88      0.04      0.04      0.04    
0.574357  0.118065  0.206882  0.100696
0.166701  0.460631  0.202102  0.170566
0.326988  0.231005  0.24422   0.197787

>cluster10	TRCTGTCCATGGTYCTGAAMYR
0.206113  0.241084  0.241084  0.31172 
0.246972  0.211736  0.359423  0.181869
0.151745  0.52124   0.17527   0.151745
0.098018  0.110232  0.110232  0.681518
0.066325  0.071867  0.795484  0.066325
0.04      0.04      0.04      0.88    
0.04      0.88      0.04      0.04    
0.04      0.88      0.04      0.04    
0.79828   0.068916  0.068916  0.063887
0.088131  0.098264  0.098264  0.715341
0.118255  0.13473   0.62876   0.118255
0.149101  0.17207   0.529728  0.149101
0.140855  0.162088  0.162088  0.534969
0.132681  0.374494  0.152193  0.340632
0.04      0.88      0.04      0.04    
0.04      0.04      0.04      0.88    
0.04      0.04      0.88      0.04    
0.88      0.04      0.04      0.04    
0.88      0.04      0.04      0.04    
0.380883  0.488538  0.067698  0.062881
0.10282   0.656481  0.116045  0.124654
0.525234  0.157807  0.17964   0.137319

>cluster11	TGGMACTSTCCRWRGTGCTGAAAA
0.225059  0.264019  0.264019  0.246903
0.192072  0.224087  0.39177   0.192072
0.129816  0.148725  0.591642  0.129816
0.763869  0.11313   0.063549  0.059453
0.88      0.04      0.04      0.04    
0.04      0.88      0.04      0.04    
0.04      0.04      0.04      0.88    
0.04      0.328685  0.591315  0.04    
0.044941  0.045981  0.045981  0.863097
0.077928  0.75823   0.085913  0.077928
0.140184  0.558358  0.161275  0.140184
0.253549  0.246451  0.289453  0.210547
0.207794  0.228247  0.228247  0.335713
0.140683  0.122269  0.629085  0.107962
0.066732  0.07236   0.794176  0.066732
0.055096  0.058274  0.058274  0.828355
0.04      0.04      0.88      0.04    
0.04      0.88      0.04      0.04    
0.04      0.04      0.04      0.88    
0.04      0.04      0.88      0.04    
0.762001  0.081753  0.081753  0.074492
0.462501  0.187731  0.187731  0.162038
0.321452  0.23764   0.23764   0.203268
0.281645  0.251726  0.251726  0.214904

>cluster12	GYTTCAGCACCAGNNNGYGGACAGCKCC
0.212333  0.248614  0.326719  0.212333
0.182242  0.371257  0.212188  0.234312
0.125641  0.14367   0.14367   0.587019
0.069127  0.075259  0.075259  0.780356
0.043818  0.867743  0.044621  0.043818
0.88      0.04      0.04      0.04    
0.04      0.04      0.88      0.04    
0.04      0.88      0.04      0.04    
0.819562  0.061386  0.061386  0.057667
0.087758  0.726673  0.097812  0.087758
0.144359  0.544951  0.16633   0.144359
0.329644  0.234741  0.234741  0.200873
0.226182  0.265379  0.282257  0.226182
0.23      0.27      0.27      0.23    
0.23      0.27      0.27      0.23    
0.23      0.27      0.27      0.23    
0.221392  0.25958   0.297636  0.221392
0.16798   0.216101  0.194923  0.420996
0.09562   0.107329  0.701432  0.09562 
0.058789  0.062745  0.819677  0.058789
0.88      0.04      0.04      0.04    
0.04      0.88      0.04      0.04    
0.88      0.04      0.04      0.04    
0.04      0.04      0.88      0.04    
0.048608  0.852364  0.05042   0.048608
0.10202   0.115077  0.377971  0.404931
0.17438   0.448568  0.202671  0.17438 
0.211211  0.330323  0.247255  0.211211

>cluster13	GYACCHTGGASAGYKCCHHG
0.210682  0.246615  0.332021  0.210682
0.166597  0.382649  0.193249  0.257505
0.78976   0.071931  0.071931  0.066378
0.045815  0.86133   0.047039  0.045815
0.04      0.88      0.04      0.04    
0.581335  0.118285  0.04      0.26038 
0.04      0.04      0.04      0.88    
0.04      0.04      0.88      0.04    
0.052049  0.054586  0.841316  0.052049
0.833627  0.056409  0.056409  0.053555
0.07916   0.579814  0.261867  0.07916 
0.85939   0.047293  0.047293  0.046025
0.04      0.04      0.88      0.04    
0.04      0.827656  0.04      0.092344
0.04      0.04      0.151116  0.768884
0.04      0.88      0.04      0.04    
0.047269  0.856663  0.048799  0.047269
0.121984  0.609772  0.100342  0.167901
0.348593  0.2173    0.190665  0.243442
0.21816   0.255668  0.308012  0.21816 

>cluster14	CAGCACCGHGGACAGCGCCMG
0.202968  0.356786  0.237277  0.202968
0.561667  0.152641  0.152641  0.133051
0.080101  0.088544  0.751254  0.080101
0.050989  0.844718  0.053303  0.050989
0.868559  0.044048  0.044048  0.043344
0.04      0.88      0.04      0.04    
0.04      0.88      0.04      0.04    
0.04      0.04      0.88      0.04    
0.097135  0.624483  0.072723  0.20566 
0.113539  0.129021  0.643902  0.113539
0.095198  0.106819  0.702785  0.095198
0.749497  0.086178  0.086178  0.078147
0.05792   0.822467  0.061693  0.05792 
0.88      0.04      0.04      0.04    
0.04      0.04      0.88      0.04    
0.04      0.88      0.04      0.04    
0.04      0.04      0.88      0.04    
0.06341   0.804841  0.068339  0.06341 
0.134701  0.575961  0.154638  0.134701
0.358346  0.250271  0.210519  0.180864
0.208736  0.244259  0.33827   0.208736

>cluster15	TTTAGSACCWTGGACAGMRV
0.218911  0.256576  0.256576  0.267936
0.193433  0.225735  0.225735  0.355098
0.185263  0.215845  0.215845  0.383047
0.707648  0.100986  0.100986  0.09038 
0.04      0.04      0.88      0.04    
0.04      0.855921  0.064079  0.04    
0.88      0.04      0.04      0.04    
0.04      0.88      0.04      0.04    
0.045643  0.861884  0.046831  0.045643
0.765248  0.059304  0.059304  0.116145
0.046072  0.047351  0.047351  0.859227
0.066802  0.072445  0.79395   0.066802
0.04      0.04      0.88      0.04    
0.88      0.04      0.04      0.04    
0.04      0.88      0.04      0.04    
0.88      0.04      0.04      0.04    
0.045446  0.046593  0.862514  0.045446
0.254337  0.620081  0.064962  0.06062 
0.354489  0.086805  0.480042  0.078665
0.176897  0.328798  0.341488  0.152818

>cluster16	GGGAGCTGTCCYTTCAGCACCAC
0.222498  0.260919  0.294085  0.222498
0.154808  0.178979  0.511405  0.154808
0.104242  0.117766  0.67375   0.104242
0.809705  0.064874  0.064874  0.060548
0.049164  0.051093  0.850579  0.049164
0.04      0.88      0.04      0.04    
0.04      0.04      0.04      0.88    
0.04      0.04      0.88      0.04    
0.047502  0.049081  0.049081  0.854336
0.111119  0.651671  0.126091  0.111119
0.153393  0.51595   0.177265  0.153393
0.184253  0.398864  0.214623  0.20226 
0.148746  0.17164   0.17164   0.507974
0.102726  0.115932  0.115932  0.66541 
0.072299  0.776303  0.079099  0.072299
0.88      0.04      0.04      0.04    
0.04      0.04      0.88      0.04    
0.044073  0.866924  0.04493   0.044073
0.837697  0.054969  0.054969  0.052365
0.065199  0.799099  0.070504  0.065199
0.11209   0.648554  0.127267  0.11209 
0.44459   0.194068  0.194068  0.167274
0.197701  0.373697  0.230901  0.197701

>cluster17	GHGCTGTCCVGNNNNNNTRGTGCTGAAA
0.205058  0.239807  0.350078  0.205058
0.485798  0.19376   0.135871  0.18457 
0.061638  0.066194  0.810529  0.061638
0.04      0.88      0.04      0.04    
0.04      0.04      0.04      0.88    
0.04      0.04      0.88      0.04    
0.04      0.04      0.04      0.88    
0.04      0.88      0.04      0.04    
0.064942  0.799922  0.070193  0.064942
0.445027  0.202085  0.202085  0.150802
0.208362  0.243806  0.339471  0.208362
0.23      0.27      0.27      0.23    
0.23      0.27      0.27      0.23    
0.23      0.27      0.27      0.23    
0.23      0.27      0.27      0.23    
0.23      0.27      0.27      0.23    
0.23      0.27      0.27      0.23    
0.208141  0.243539  0.243539  0.304781
0.241004  0.154752  0.46945   0.134795
0.061445  0.06596   0.811149  0.061445
0.04      0.04      0.04      0.88    
0.04      0.04      0.88      0.04    
0.04      0.88      0.04      0.04    
0.04      0.04      0.04      0.88    
0.04      0.04      0.88      0.04    
0.805219  0.066461  0.066461  0.061859
0.554298  0.155248  0.155248  0.135205
0.303366  0.24404   0.24404   0.208555

>cluster18	GAGCTGTCCRNNNNNNNNTGGTGCTGAA
0.202067  0.236186  0.35968   0.202067
0.548598  0.157265  0.157265  0.136871
0.04      0.04      0.88      0.04    
0.04      0.88      0.04      0.04    
0.04      0.04      0.04      0.88    
0.04      0.04      0.88      0.04    
0.04      0.04      0.04      0.88    
0.04      0.88      0.04      0.04    
0.067933  0.79032   0.073814  0.067933
0.370333  0.152735  0.343803  0.133129
0.23      0.27      0.27      0.23    
0.23      0.27      0.27      0.23    
0.23      0.27      0.27      0.23    
0.23      0.27      0.27      0.23    
0.23      0.27      0.27      0.23    
0.23      0.27      0.27      0.23    
0.23      0.27      0.27      0.23    
0.23      0.27      0.27      0.23    
0.175978  0.204605  0.204605  0.414813
0.084693  0.094102  0.736511  0.084693
0.04      0.04      0.88      0.04    
0.04      0.04      0.04      0.88    
0.04      0.04      0.88      0.04    
0.04      0.88      0.04      0.04    
0.04      0.04      0.04      0.88    
0.04      0.04      0.88      0.04    
0.695187  0.105395  0.105395  0.094022
0.382898  0.215898  0.215898  0.185307

>cluster19	AGCTGTCCAGTGCTGAA
0.560748  0.152966  0.152966  0.13332 
0.04      0.04      0.88      0.04    
0.04      0.88      0.04      0.04    
0.04      0.04      0.04      0.88    
0.04      0.04      0.88      0.04    
0.04      0.04      0.04      0.88    
0.04      0.88      0.04      0.04    
0.04      0.88      0.04      0.04    
0.549252  0.157034  0.157034  0.13668 
0.04      0.04      0.88      0.04    
0.04      0.04      0.04      0.88    
0.04      0.04      0.88      0.04    
0.04      0.88      0.04      0.04    
0.04      0.04      0.04      0.88    
0.04      0.04      0.88      0.04    
0.88      0.04      0.04      0.04    
0.88      0.04      0.04      0.04    

>cluster20	GGAGCTGTCCNNTTCAGCAC
0.111641  0.126724  0.649993  0.111641
0.111641  0.126724  0.649993  0.111641
0.88      0.04      0.04      0.04    
0.04      0.04      0.88      0.04    
0.04      0.88      0.04      0.04    
0.04      0.04      0.04      0.88    
0.04      0.04      0.88      0.04    
0.04      0.04      0.04      0.88    
0.158359  0.500007  0.183276  0.158359
0.158359  0.500007  0.183276  0.158359
0.23      0.27      0.27      0.23    
0.23      0.27      0.27      0.23    
0.04      0.04      0.04      0.88    
0.04      0.04      0.04      0.88    
0.04      0.88      0.04      0.04    
0.88      0.04      0.04      0.04    
0.04      0.04      0.88      0.04    
0.04      0.88      0.04      0.04    
0.88      0.04      0.04      0.04    
0.04      0.88      0.04      0.04    

>cluster21	TCAGCACCCNNNNNNNNNTGGACAGC
0.131757  0.151074  0.151074  0.566095
0.04      0.88      0.04      0.04    
0.88      0.04      0.04      0.04    
0.04      0.04      0.88      0.04    
0.04      0.88      0.04      0.04    
0.88      0.04      0.04      0.04    
0.04      0.88      0.04      0.04    
0.04      0.88      0.04      0.04    
0.138243  0.564588  0.158926  0.138243
0.23      0.27      0.27      0.23    
0.23      0.27      0.27      0.23    
0.23      0.27      0.27      0.23    
0.23      0.27      0.27      0.23    
0.23      0.27      0.27      0.23    
0.23      0.27      0.27      0.23    
0.23      0.27      0.27      0.23    
0.23      0.27      0.27      0.23    
0.23      0.27      0.27      0.23    
0.04      0.04      0.04      0.88    
0.04      0.04      0.88      0.04    
0.04      0.04      0.88      0.04    
0.88      0.04      0.04      0.04    
0.04      0.88      0.04      0.04    
0.88      0.04      0.04      0.04    
0.04      0.04      0.88      0.04    
0.04      0.88      0.04      0.04    

>cluster22	TGCAGGGAGCTGTCCA
0.04  0.04  0.04  0.88
0.04  0.04  0.88  0.04
0.04  0.88  0.04  0.04
0.88  0.04  0.04  0.04
0.04  0.04  0.88  0.04
0.04  0.04  0.88  0.04
0.04  0.04  0.88  0.04
0.88  0.04  0.04  0.04
0.04  0.04  0.88  0.04
0.04  0.88  0.04  0.04
0.04  0.04  0.04  0.88
0.04  0.04  0.88  0.04
0.04  0.04  0.04  0.88
0.04  0.88  0.04  0.04
0.04  0.88  0.04  0.04
0.88  0.04  0.04  0.04

>cluster23	AGCTGTCCNNGTGCTGAA
0.88  0.04  0.04  0.04
0.04  0.04  0.88  0.04
0.04  0.88  0.04  0.04
0.04  0.04  0.04  0.88
0.04  0.04  0.88  0.04
0.04  0.04  0.04  0.88
0.04  0.88  0.04  0.04
0.04  0.88  0.04  0.04
0.23  0.27  0.27  0.23
0.23  0.27  0.27  0.23
0.04  0.04  0.88  0.04
0.04  0.04  0.04  0.88
0.04  0.04  0.88  0.04
0.04  0.88  0.04  0.04
0.04  0.04  0.04  0.88
0.04  0.04  0.88  0.04
0.88  0.04  0.04  0.04
0.88  0.04  0.04  0.04

