>M00256	NRSF	21	TTCAGCACCRCGGACAGMVSC
0.094	0.094	0.125	0.688	T
0.010	0.147	0.113	0.731	T
0.010	0.937	0.010	0.044	C
0.971	0.010	0.010	0.010	A
0.010	0.010	0.971	0.010	G
0.010	0.937	0.010	0.044	C
0.971	0.010	0.010	0.010	A
0.010	0.971	0.010	0.010	C
0.010	0.971	0.010	0.010	C
0.593	0.010	0.250	0.147	R
0.156	0.656	0.094	0.094	C
0.044	0.010	0.937	0.010	G
0.010	0.010	0.971	0.010	G
0.799	0.044	0.010	0.147	A
0.010	0.902	0.078	0.010	C
0.971	0.010	0.010	0.010	A
0.010	0.010	0.971	0.010	G
0.353	0.593	0.010	0.044	M
0.250	0.156	0.531	0.062	V
0.094	0.531	0.281	0.094	S
0.147	0.765	0.010	0.078	C
